Time,P1,P2,P3,P4,S1,S2,S3
745085,0,0,0,1,0,0,43
745351,0,0,0,1,0,0,43
745617,0,1,0,0,0,0,44
745881,0,1,0,0,0,0,12
746145,0,0,0,0,0,0,12
746411,0,0,0,0,0,0,44
746677,1,0,0,0,0,0,43
746943,1,0,0,0,0,0,42
747209,0,0,0,0,0,0,43
747475,0,0,0,0,0,0,43
747741,0,0,0,0,0,0,44
748007,0,0,1,1,0,0,43
748273,0,0,1,1,0,0,43
748539,0,1,1,1,0,0,43
748805,0,1,0,0,0,0,44
749071,0,0,0,0,0,0,43
749337,0,0,0,0,0,0,43
749603,0,0,0,0,0,0,44
749869,1,0,0,0,0,0,45
750136,1,0,0,0,0,0,57
750400,1,0,0,0,0,0,11
750668,0,0,0,0,0,0,57
750932,0,0,1,1,0,0,13
751197,0,0,1,1,0,0,12
751463,0,0,0,1,0,0,43
751729,0,0,0,0,0,0,44
751995,0,0,0,0,0,0,45
752261,0,0,0,0,0,0,44
752527,0,0,0,0,0,0,45
752793,0,0,0,0,0,0,43
753059,0,0,0,0,0,0,44
753325,0,1,0,0,0,0,44
753591,0,1,0,0,0,0,50
753858,1,1,1,0,0,0,43
754124,1,1,1,0,0,0,44
754390,0,0,0,0,0,0,43
754656,0,0,0,0,0,0,43
754922,0,0,0,0,0,0,43
755188,0,0,0,0,0,0,43
755454,0,0,0,0,0,0,49
755721,0,0,0,0,0,0,44
755987,0,0,0,0,0,0,49
756254,0,0,0,0,0,0,43
756520,0,1,0,0,0,0,43
756786,0,1,1,0,0,0,48
757053,0,0,1,0,0,0,43
757319,1,0,1,0,0,0,44
757586,1,0,1,0,0,0,43
757852,1,0,1,0,0,0,44
758118,0,0,1,0,0,0,49
758385,0,0,0,0,0,0,48
758652,0,0,0,0,0,0,43
758918,0,0,0,0,0,0,43
759184,0,0,0,0,0,0,48
759451,0,0,0,0,0,0,44
759718,0,0,0,0,0,0,44
759985,0,0,0,0,0,0,44
760251,0,0,0,0,0,0,44
760517,0,0,0,0,0,0,44
760783,0,0,0,0,0,0,44
761049,0,0,0,0,0,0,44
761316,0,0,0,0,0,0,44
761582,0,0,0,0,0,0,44
761848,0,0,0,0,0,0,44
762114,0,0,0,0,0,0,43
762380,0,0,0,0,0,0,43
762646,0,0,0,0,0,0,43
762912,0,0,0,0,0,0,43
763178,0,0,0,0,0,0,44
763444,0,0,0,0,0,0,49
763711,0,0,0,0,0,0,43
763977,0,0,0,0,0,0,49
764244,0,0,0,0,0,0,44
764511,0,0,0,0,0,0,43
764777,0,0,0,0,0,0,44
765043,0,0,0,0,0,0,43
765310,0,0,0,0,0,0,44
765576,0,0,0,0,0,0,43
765843,0,0,0,0,0,0,43
766109,0,0,0,0,0,0,44
766376,0,0,0,0,0,0,43
766642,0,0,0,0,0,0,44
766908,0,0,0,0,0,0,43
767174,0,0,0,0,0,0,43
767441,0,0,0,0,0,0,43
767707,0,0,0,0,0,0,43
767974,0,0,0,0,0,0,44
768240,0,0,0,0,0,0,43
768506,0,0,0,0,0,0,42
768772,0,0,0,0,0,0,43
769038,0,0,0,0,0,0,44
769304,0,0,0,0,0,0,43
769570,0,0,0,0,0,0,42
769836,0,0,0,0,0,0,44
770102,0,0,0,0,0,0,43
770368,0,0,0,0,0,0,44
770634,0,0,0,0,0,0,43
770900,0,0,0,0,0,0,44
771166,0,0,0,0,0,0,44
771432,0,0,0,0,0,0,44
771698,0,0,0,0,0,0,43
771964,0,0,0,0,0,0,43
772230,0,0,0,0,0,0,43
772496,0,0,0,0,0,0,43
772762,0,0,0,0,0,0,43
773028,0,0,0,0,0,0,44
773294,0,0,0,0,0,0,44
773560,0,0,0,0,0,0,45
773826,0,0,0,0,0,0,43
774092,0,0,0,0,0,0,43
774358,0,0,0,0,0,0,42
774624,0,0,0,0,0,0,42
774892,0,0,0,0,0,31,43
775158,0,0,0,0,0,0,44
775424,0,0,0,0,0,0,43
775690,0,0,0,0,0,0,44
775956,0,0,0,0,0,0,43
776222,0,0,0,0,0,0,46
776488,0,0,0,0,0,0,44
776754,0,0,0,0,0,0,43
777020,0,0,0,0,0,0,43
777286,0,0,0,0,0,0,43
777552,0,0,0,0,0,0,43
777818,0,0,0,0,0,0,43
778084,0,0,0,0,0,0,43
778350,0,0,0,0,0,0,44
778616,0,0,0,0,0,0,43
778882,0,0,0,0,0,0,43
779148,0,0,0,0,0,0,50
779415,0,0,0,0,0,0,43
779681,0,0,0,0,0,0,44
779947,0,0,0,0,0,0,44
780213,0,0,0,0,0,0,43
780479,0,0,0,0,0,0,44
780745,0,0,0,0,0,0,44
781011,0,0,0,0,0,0,43
781277,0,0,0,0,0,0,43
781543,0,0,0,0,0,0,43
781809,0,0,0,0,0,0,43
782075,0,0,0,0,0,0,43
782341,0,0,0,0,0,0,43
782607,0,0,0,0,0,0,43
782873,0,0,0,0,0,0,44
783139,0,0,0,0,0,0,43
783405,0,0,0,0,0,0,44
783671,0,0,0,0,0,0,43
783937,0,0,0,0,0,0,49
784204,0,0,0,0,0,0,43
784470,0,0,0,0,0,0,43
784736,0,0,0,0,0,0,44
785002,0,0,0,0,0,0,48
785269,0,0,0,0,0,0,43
785535,0,0,0,0,0,0,43
785801,0,0,0,0,0,0,43
786067,0,0,0,0,0,0,42
786333,0,0,0,0,0,0,42
786599,0,0,0,0,0,0,42
786865,0,0,0,0,0,0,43
787131,0,0,0,0,0,0,42
787397,0,0,0,0,0,0,44
787663,0,0,0,0,0,0,43
787929,0,0,0,0,0,0,44
788196,0,0,0,0,0,0,43
788462,0,0,0,0,0,0,42
788728,0,0,0,0,0,0,44
788994,0,0,0,0,0,0,43
789260,0,0,0,0,0,0,44
789526,0,0,0,0,0,0,44
789792,0,0,0,0,0,0,43
790058,0,0,0,0,0,0,43
790324,0,0,0,0,0,0,44
790591,0,0,0,0,0,0,43
790857,0,0,0,0,0,0,43
791123,0,0,0,0,0,0,45
791390,0,0,0,0,0,0,44
791656,0,0,0,0,0,0,43
791923,0,0,0,0,0,0,44
792189,0,0,0,0,0,0,43
792455,0,0,0,0,0,0,43
792721,0,0,0,0,0,0,43
792987,0,0,0,0,0,0,43
793253,0,0,0,0,0,0,44
793520,0,0,0,0,0,0,43
793786,0,0,0,0,0,0,44
794052,0,0,0,0,0,0,43
794319,0,0,0,0,0,0,49
794588,0,0,0,0,0,32,43
794855,0,0,0,0,0,0,43
795121,0,0,0,0,0,0,44
795387,0,0,0,0,0,0,43
795653,0,0,0,0,0,0,44
795919,0,0,0,0,0,0,43
796185,0,0,0,0,0,0,44
796451,0,0,0,0,0,0,52
796718,0,0,0,0,0,0,43
796984,0,0,0,0,0,0,43
797250,0,0,0,0,0,0,42
797516,0,0,0,0,0,0,43
797782,0,0,0,0,0,0,43
798048,0,0,0,0,0,0,44
798314,0,0,0,0,0,0,43
798580,0,0,0,0,0,0,43
798846,0,0,0,0,0,0,44
799112,0,0,0,0,0,0,43
799378,0,0,0,0,0,0,42
799644,0,0,0,0,0,0,43
799910,0,0,0,0,0,0,44
800176,0,0,0,0,0,0,44
800442,0,0,0,0,0,0,44
800708,0,0,0,0,0,0,43
800974,0,0,0,0,0,0,44
801240,0,0,0,0,0,0,49
801507,0,0,0,0,0,0,43
801773,0,0,0,0,0,0,43
802039,0,0,0,0,0,0,43
802305,0,0,0,0,0,0,44
802571,0,0,0,0,0,0,43
802837,0,0,0,0,0,0,43
803103,0,0,0,0,0,0,43
803369,0,0,0,0,0,0,43
803635,0,0,0,0,0,0,44
803902,0,0,0,0,0,0,43
804166,0,0,0,0,0,0,11
804432,0,0,0,0,0,0,42
804698,0,0,0,0,0,0,49
804965,0,0,0,0,0,0,43
805231,0,0,0,0,0,0,44
805497,0,0,0,0,0,0,43
805763,0,0,0,0,0,0,44
806029,0,0,0,0,0,0,44
806295,0,0,0,0,0,0,43
806561,0,0,0,0,0,0,43
806827,0,0,0,0,0,0,44
807093,0,0,0,0,0,0,44
807359,0,0,0,0,0,0,44
807625,0,0,0,0,0,0,44
807891,0,0,0,0,0,0,42
808157,0,0,0,0,0,0,44
808424,0,0,0,0,0,0,44
808690,0,0,0,0,0,0,43
808956,0,0,0,0,0,0,43
809222,0,0,0,0,0,0,44
809488,0,0,0,0,0,0,43
809754,0,0,0,0,0,0,43
810020,0,0,0,0,0,0,43
810287,0,0,0,0,0,0,43
810553,0,0,0,0,0,0,44
810820,0,0,0,0,0,0,44
811086,0,0,0,0,0,0,43
811352,0,0,0,0,0,0,44
811618,0,0,0,0,0,0,43
811884,0,0,0,0,0,0,42
812150,0,0,0,0,0,0,43
812416,0,0,0,0,0,0,43
812682,0,0,0,0,0,0,43
812948,0,0,0,0,0,0,43
813214,0,0,0,0,0,0,43
813480,0,0,0,0,0,0,44
813746,0,0,0,0,0,0,43
814012,0,0,0,0,0,0,43
814278,0,0,0,0,0,0,44
814544,0,0,0,0,0,0,43
814810,0,0,0,0,0,0,43
815076,0,0,0,0,0,0,43
815342,0,0,0,0,0,0,43
815608,0,0,0,0,0,0,43
815874,0,0,0,0,0,0,43
816140,0,0,0,0,0,0,42
816406,0,0,0,0,0,0,42
816672,0,0,0,0,0,0,43
816938,0,0,0,0,0,0,44
817204,0,0,0,0,0,0,43
817470,0,0,0,0,0,0,42
817736,0,0,0,0,0,0,43
818003,0,0,0,0,0,0,43
818270,0,0,0,0,0,0,43
818536,0,0,0,0,0,0,43
818802,0,0,0,0,0,0,42
819068,0,0,0,0,0,0,44
819335,0,0,0,0,0,0,43
819602,0,0,0,0,0,0,43
819868,0,0,0,0,0,0,43
820134,0,0,0,0,0,0,42
820400,0,0,0,0,0,0,48
820667,0,0,0,0,0,0,43
820933,0,0,0,0,0,0,43
821199,0,0,0,0,0,0,44
821465,0,0,0,0,0,0,43
821731,0,0,0,0,0,0,44
821997,0,0,0,0,0,0,43
822263,0,0,0,0,0,0,43
822529,0,0,0,0,0,0,44
822795,0,0,0,0,0,0,43
823061,0,0,0,0,0,0,43
823327,0,0,0,0,0,0,43
823593,0,0,0,0,0,0,45
823859,0,0,0,0,0,0,43
824125,0,0,0,0,0,0,44
824391,0,0,0,0,0,0,43
824657,0,0,0,0,0,0,44
824923,0,0,0,0,0,0,43
825189,0,0,0,0,0,0,43
825455,0,0,0,0,0,0,44
825721,0,0,0,0,0,0,43
825987,0,0,0,0,0,0,50
826254,0,0,0,0,0,0,43
826520,0,0,0,0,0,0,45
826786,0,0,0,0,0,0,43
827052,0,0,0,0,0,0,44
827318,0,0,0,0,0,0,43
827584,0,0,0,0,0,0,43
827850,0,0,0,0,0,0,43
828116,0,0,0,0,0,0,43
828382,0,0,0,0,0,0,43
828648,0,0,0,0,0,0,44
828914,0,0,0,0,0,0,43
829180,0,0,0,0,0,0,43
829446,0,0,0,0,0,0,43
829712,0,0,0,0,0,0,43
829978,0,0,0,0,0,0,43
830244,0,0,0,0,0,0,44
830510,0,0,0,0,0,0,48
830777,0,0,0,0,0,0,43
831043,0,0,0,0,0,0,43
831309,0,0,0,0,0,0,43
831576,0,0,0,0,0,0,43
831842,0,0,0,0,0,0,43
832108,0,0,0,0,0,0,43
832374,0,0,0,0,0,0,43
832640,0,0,0,0,0,0,43
832906,0,0,0,0,0,0,43
833172,0,0,0,0,0,0,43
833438,0,0,0,0,0,0,44
833704,0,0,0,0,0,0,43
833970,0,0,0,0,0,0,43
834236,0,0,0,0,0,0,43
834502,0,0,0,0,0,0,44
834768,0,0,0,0,0,0,44
835034,0,0,0,0,0,0,43
835300,0,0,0,0,0,0,44
835566,0,0,0,0,0,0,42
835832,0,0,0,0,0,0,42
836098,0,0,0,0,0,0,43
836364,0,0,0,0,0,0,44
836631,0,0,0,0,0,0,44
836898,0,0,0,0,0,0,43
837164,0,0,0,0,0,0,44
837430,0,0,0,0,0,0,49
837697,0,0,0,0,0,0,52
837964,0,0,0,0,0,0,43
838230,0,0,0,0,0,0,43
838496,0,0,0,0,0,0,43
838762,0,0,0,0,0,0,43
839028,0,0,0,0,0,0,44
839294,0,0,0,0,0,0,44
839560,0,0,0,0,0,0,43
839826,0,0,0,0,0,0,43
840092,0,0,0,0,0,0,43
840358,0,0,0,0,0,0,44
840624,0,0,0,0,0,0,42
840890,0,0,0,0,0,0,44
841156,0,0,0,0,0,0,43
841422,0,0,0,0,0,0,44
841688,0,0,0,0,0,0,43
841954,0,0,0,0,0,0,43
842220,0,0,0,0,0,0,43
842486,0,0,0,0,0,0,44
842752,0,0,0,0,0,0,43
843018,0,0,0,0,0,0,43
843284,0,0,0,0,0,0,42
843551,0,0,0,0,0,0,44
843818,0,0,0,0,0,0,43
844084,0,0,0,0,0,0,43
844350,0,0,0,0,0,0,43
844616,0,0,0,0,0,0,43
844880,0,0,0,0,0,0,11
845146,0,0,0,0,0,0,44
845412,0,0,0,0,0,0,44
845678,0,0,0,0,0,0,44
845944,0,0,0,0,0,0,42
846211,0,0,0,0,0,0,43
846477,0,0,0,0,0,0,43
846743,0,0,0,0,0,0,43
847009,0,0,0,0,0,0,42
847275,0,0,0,0,0,0,43
847541,0,0,0,0,0,0,43
847807,0,0,0,0,0,0,44
848074,0,0,0,0,0,0,43
848340,0,0,0,0,0,0,43
848606,0,0,0,0,0,0,44
848873,0,0,0,0,0,0,44
849139,0,0,0,0,0,0,44
849405,0,0,0,0,0,0,44
849671,0,0,0,0,0,0,44
849937,0,0,0,0,0,0,44
850203,0,0,0,0,0,0,43
850469,0,0,0,0,0,0,43
850735,0,0,0,0,0,0,43
851001,0,0,0,0,0,0,43
851267,0,0,0,0,0,0,43
851533,0,0,0,0,0,0,43
851799,0,0,0,0,0,0,44
852065,0,0,0,0,0,0,42
852331,0,0,0,0,0,0,43
852597,0,0,0,0,0,0,43
852863,0,0,0,0,0,0,43
853129,0,0,0,0,0,0,44
853395,0,0,0,0,0,0,42
853661,0,0,0,0,0,0,43
853927,0,0,0,0,0,0,43
854193,0,0,0,0,0,0,43
854459,0,0,0,0,0,0,44
854725,0,0,0,0,0,0,43
854991,0,0,0,0,0,0,43
855257,0,0,0,0,0,0,44
855523,0,0,0,0,0,0,43
855789,0,0,0,0,0,0,44
856056,0,0,0,0,0,0,44
856322,0,0,0,0,0,0,44
856588,0,0,0,0,0,0,43
856854,0,0,0,0,0,0,44
857120,0,0,0,0,0,0,44
857386,0,0,0,0,0,0,43
857652,0,0,0,0,0,0,43
857918,0,0,0,0,0,0,43
858184,0,0,0,0,0,0,43
858450,0,0,0,0,0,0,44
858717,0,0,0,0,0,0,43
858983,0,0,0,0,0,0,43
859249,0,0,0,0,0,0,44
859515,0,0,0,0,0,0,44
859781,0,0,0,0,0,0,42
860047,0,0,0,0,0,0,43
860313,0,0,0,0,0,0,44
860579,0,0,0,0,0,0,44
860845,0,0,0,0,0,0,43
861111,0,0,0,0,0,0,43
861377,0,0,0,0,0,0,48
861644,0,0,0,0,0,0,43
861910,0,0,0,0,0,0,43
862176,0,0,0,0,0,0,51
862443,0,0,0,0,0,0,44
862709,0,0,0,0,0,0,43
862975,0,0,0,0,0,0,43
863241,0,0,0,0,0,0,44
863508,0,0,0,0,0,0,44
863774,0,0,0,0,0,0,43
864040,0,0,0,0,0,0,43
864306,0,0,0,0,0,0,43
864572,0,0,0,0,0,0,43
864838,0,0,0,0,0,0,43
865104,0,0,0,0,0,0,43
865370,0,0,0,0,0,0,44
865636,0,0,0,0,0,0,44
865903,0,0,0,0,0,0,44
866169,0,0,0,0,0,0,45
866435,0,0,0,0,0,0,44
866701,0,0,0,0,0,0,44
866967,0,0,0,0,0,0,43
867233,0,0,0,0,0,0,44
867499,0,0,0,0,0,0,44
867765,0,0,0,0,0,0,43
868031,0,0,0,0,0,0,43
868297,0,0,0,0,0,0,44
868563,0,0,0,0,0,0,49
868830,0,0,0,0,0,0,44
869096,0,0,0,0,0,0,44
869362,0,0,0,0,0,0,44
869628,0,0,0,0,0,0,43
869894,0,0,0,0,0,0,43
870160,0,0,0,0,0,0,44
870426,0,0,0,0,0,0,43
870692,0,0,0,0,0,0,44
870958,0,0,0,0,0,0,44
871224,0,0,0,0,0,0,44
871490,0,0,0,0,0,0,43
871757,0,0,0,0,0,0,44
872023,0,0,0,0,0,0,43
872289,0,0,0,0,0,0,43
872555,0,0,0,0,0,0,44
872822,0,0,0,0,0,0,44
873089,0,0,0,0,0,0,43
873355,0,0,0,0,0,0,44
873621,0,0,0,0,0,0,44
873887,0,0,0,0,0,0,43
874153,0,0,0,0,0,0,44
874419,0,0,0,0,0,0,43
874685,0,0,0,0,0,0,43
874951,0,0,0,0,0,0,43
875217,0,0,0,0,0,0,44
875483,0,0,0,0,0,0,43
875749,0,0,0,0,0,0,43
876015,0,0,0,0,0,0,50
876282,0,0,0,0,0,0,44
876548,0,0,0,0,0,0,44
876814,0,0,0,0,0,0,43
877080,0,0,0,0,0,0,43
877346,0,0,0,0,0,0,44
877612,0,0,0,0,0,0,44
877878,0,0,0,0,0,0,43
878144,0,0,0,0,0,0,43
878410,0,0,0,0,0,0,44
878676,0,0,0,0,0,0,44
878942,0,0,0,0,0,0,43
879208,0,0,0,0,0,0,44
879474,0,0,0,0,0,0,43
879740,0,0,0,0,0,0,44
880006,0,0,0,0,0,0,42
880272,0,0,0,0,0,0,44
880538,0,0,0,0,0,0,44
880804,0,0,0,0,0,0,43
881070,0,0,0,0,0,0,43
881336,0,0,0,0,0,0,43
881602,0,0,0,0,0,0,44
881868,0,0,0,0,0,0,43
882134,0,0,0,0,0,0,43
882400,0,0,0,0,0,0,44
882666,0,0,0,0,0,0,43
882932,0,0,0,0,0,0,43
883198,0,0,0,0,0,0,44
883464,0,0,0,0,0,0,43
883730,0,0,0,0,0,0,43
883996,0,0,0,0,0,0,43
884262,0,0,0,0,0,0,52
884529,0,0,0,0,0,0,44
884795,0,0,0,0,0,0,43
885061,0,0,0,0,0,0,44
885327,0,0,0,0,0,0,44
885593,0,0,0,0,0,0,44
885860,0,0,0,0,0,0,44
886126,0,0,0,0,0,0,43
886392,0,0,0,0,0,0,43
886658,0,0,0,0,0,0,43
886924,0,0,0,0,0,0,44
887190,0,0,0,0,0,0,43
887456,0,0,0,0,0,0,44
887722,0,0,0,0,0,0,52
887989,0,0,0,0,0,0,43
888255,0,0,0,0,0,0,43
888521,0,0,0,0,0,0,43
888787,0,0,0,0,0,0,43
889053,0,0,0,0,0,0,44
889319,0,0,0,0,0,0,44
889585,0,0,0,0,0,0,44
889851,0,0,0,0,0,0,44
890117,0,0,0,0,0,0,44
890383,0,0,0,0,0,0,43
890649,0,0,0,0,0,0,44
890915,0,0,0,0,0,0,44
891181,0,0,0,0,0,0,43
891447,0,0,0,0,0,0,44
891714,0,0,0,0,0,0,43
891980,0,0,0,0,0,0,43
892246,0,0,0,0,0,0,44
892512,0,0,0,0,0,0,44
892778,0,0,0,0,0,0,51
893045,0,0,0,0,0,0,44
893311,0,0,0,0,0,0,44
893577,0,0,0,0,0,0,44
893843,0,0,0,0,0,0,43
894109,0,0,0,0,0,0,43
894375,0,0,0,0,0,0,43
894641,0,0,0,0,0,0,43
894907,0,0,0,0,0,0,44
895173,0,0,0,0,0,0,44
895439,0,0,0,0,0,0,43
895705,0,0,0,0,0,0,43
895972,0,0,0,0,0,0,43
896238,0,0,0,0,0,0,44
896504,0,0,0,0,0,0,43
896770,0,0,0,0,0,0,44
897036,0,0,0,0,0,0,43
897302,0,0,0,0,0,0,43
897568,0,0,0,0,0,0,43
897834,0,0,0,0,0,0,45
898102,0,0,0,0,0,34,43
898368,0,0,0,0,0,0,43
898634,0,0,0,0,0,0,43
898900,0,0,0,0,0,0,43
899166,0,0,0,0,0,0,44
899433,0,0,0,0,0,0,44
899699,0,0,0,0,0,0,43
899966,0,0,0,0,0,0,44
900233,0,0,0,0,0,0,43
900499,0,0,0,0,0,0,43
900765,0,0,0,0,0,0,44
901031,0,0,0,0,0,0,43
901297,0,0,0,0,0,0,43
901563,0,0,0,0,0,0,44
901829,0,0,0,0,0,0,43
902095,0,0,0,0,0,0,43
902361,0,0,0,0,0,0,43
902627,0,0,0,0,0,0,44
902893,0,0,0,0,0,0,43
903159,0,0,0,0,0,0,44
903425,0,0,0,0,0,0,44
903691,0,0,0,0,0,0,44
903957,0,0,0,0,0,0,43
904223,0,0,0,0,0,0,44
904489,0,0,0,0,0,0,43
904755,0,0,0,0,0,0,44
905021,0,0,0,0,0,0,50
905288,0,0,0,0,0,0,44
905554,0,0,0,0,0,0,43
905820,0,0,0,0,0,0,45
906086,0,0,0,0,0,0,44
906352,0,0,0,0,0,0,44
906618,0,0,0,0,0,0,43
906884,0,0,0,0,0,0,50
907151,0,0,0,0,0,0,43
907417,0,0,0,0,0,0,43
907683,0,0,0,0,0,0,44
907949,0,0,0,0,0,0,43
908215,0,0,0,0,0,0,43
908481,0,0,0,0,0,0,43
908747,0,0,0,0,0,0,44
909013,0,0,0,0,0,0,44
909279,0,0,0,0,0,0,44
909545,0,0,0,0,0,0,44
909811,0,0,0,0,0,0,43
910077,0,0,0,0,0,0,43
910343,0,0,0,0,0,0,43
910609,0,0,0,0,0,0,44
910875,0,0,0,0,0,0,44
911141,0,0,0,0,0,0,44
911407,0,0,0,0,0,0,44
911673,0,0,0,0,0,0,49
911940,0,0,0,0,0,0,43
912206,0,0,0,0,0,0,43
912472,0,0,0,0,0,0,44
912738,0,0,0,0,0,0,44
913004,0,0,0,0,0,0,44
913270,0,0,0,0,0,0,43
913536,0,0,0,0,0,0,44
913803,0,0,0,0,0,0,44
914069,0,0,0,0,0,0,44
914335,0,0,0,0,0,0,43
914601,0,0,0,0,0,0,49
914868,0,0,0,0,0,0,44
915134,0,0,0,0,0,0,44
915400,0,0,0,0,0,0,43
915666,0,0,0,0,0,0,43
915932,0,0,0,0,0,0,44
916199,0,0,0,0,0,0,43
916463,0,0,0,0,0,0,12
916730,0,0,0,0,0,0,45
916997,0,0,0,0,0,0,43
917263,0,0,0,0,0,0,43
917529,0,0,0,0,0,0,50
917796,0,0,0,0,0,0,43
918062,0,0,0,0,0,0,43
918328,0,0,0,0,0,0,43
918594,0,0,0,0,0,0,43
918860,0,0,0,0,0,0,44
919126,0,0,0,0,0,0,44
919392,0,0,0,0,0,0,44
919658,0,0,0,0,0,0,44
919924,0,0,0,0,0,0,43
920190,0,0,0,0,0,0,44
920457,0,0,0,0,0,0,43
920723,0,0,0,0,0,0,48
920990,0,0,0,0,0,0,44
921256,0,0,0,0,0,0,43
921522,0,0,0,0,0,0,44
921788,0,0,0,0,0,0,43
922054,0,0,0,0,0,0,44
922320,0,0,0,0,0,0,43
922586,0,0,0,0,0,0,43
922852,0,0,0,0,0,0,43
923118,0,0,0,0,0,0,43
923384,0,0,0,0,0,0,44
923650,0,0,0,0,0,0,43
923916,0,0,0,0,0,0,51
924183,0,0,0,1,0,0,43
924450,0,0,0,1,0,0,44
924716,0,0,0,1,0,0,43
924982,0,0,0,1,0,0,43
925248,0,0,0,1,0,0,44
925515,0,0,0,1,0,0,43
925781,0,0,0,1,0,0,49
926048,0,0,0,0,0,0,44
926314,0,0,0,0,0,0,44
926580,0,0,0,0,0,0,44
926846,0,0,0,0,0,0,45
927113,0,0,0,0,0,0,44
927380,0,0,0,0,0,0,43
927646,0,0,0,0,0,0,44
927912,0,0,0,0,0,0,44
928178,0,0,0,0,0,0,43
928444,0,0,0,0,0,0,44
928710,0,0,0,0,0,0,43
928976,0,0,0,0,0,0,43
929242,0,0,0,0,0,0,44
929508,0,0,0,0,0,0,43
929774,0,0,0,0,0,0,48
930041,0,0,0,0,0,0,43
930307,0,0,0,0,0,0,43
930573,0,0,0,0,0,0,43
930839,0,0,0,0,0,0,44
931105,0,0,0,0,0,0,43
931371,0,0,0,0,0,0,44
931637,0,0,0,0,0,0,44
931903,0,0,0,0,0,0,43
932169,0,0,0,0,0,0,47
932435,0,0,0,0,0,0,43
932701,0,0,0,0,0,0,48
932968,0,0,0,0,0,0,43
933234,0,0,0,0,0,0,44
933500,0,0,0,0,0,0,43
933766,0,0,0,0,0,0,48
934033,0,0,0,0,0,0,43
934299,0,0,0,0,0,0,43
934565,0,0,0,0,0,0,43
934831,0,0,0,0,0,0,44
935098,0,0,0,0,0,0,43
935364,0,0,0,0,0,0,43
935630,0,0,0,0,0,0,44
935896,0,0,0,0,0,0,44
936162,0,0,0,0,0,0,43
936428,0,0,0,0,0,0,43
936694,0,0,0,0,0,0,44
936960,0,0,0,0,0,0,43
937226,0,0,0,0,0,0,43
937492,0,0,0,0,0,0,44
937758,0,0,0,0,0,0,43
938024,0,0,0,0,0,0,45
938290,0,0,0,0,0,0,43
938556,0,0,0,0,0,0,43
938822,0,0,0,0,0,0,44
939088,0,0,0,0,0,0,44
939354,0,0,0,0,0,0,49
939621,0,0,0,0,0,0,43
939887,0,0,0,0,0,0,44
940153,0,0,0,0,0,0,44
940420,0,0,0,0,0,0,43
940686,0,0,0,0,0,0,43
940952,0,0,0,0,0,0,44
941218,0,0,0,0,0,0,44
941484,0,0,0,0,0,0,43
941750,0,0,0,0,0,0,44
942016,0,0,0,0,0,0,44
942282,0,0,0,0,0,0,43
942548,0,0,0,0,0,0,43
942814,0,0,0,0,0,0,44
943080,0,0,0,0,0,0,44
943347,0,0,0,0,0,0,44
943614,0,0,0,0,0,0,43
943880,0,0,0,0,0,0,43
944146,0,0,0,0,0,0,43
944412,0,0,0,0,0,0,43
944678,0,0,0,0,0,0,43
944944,0,0,0,0,0,0,44
945211,0,0,0,0,0,0,43
945477,0,0,0,0,0,0,44
945743,0,0,0,0,0,0,43
946007,0,0,0,0,0,0,12
946274,0,0,0,0,0,0,44
946540,0,0,0,0,0,0,43
946806,0,0,0,0,0,0,43
947072,0,0,0,0,0,0,43
947338,0,0,0,0,0,0,42
947604,0,0,0,0,0,0,43
947870,0,0,0,0,0,0,44
948136,0,0,0,0,0,0,43
948402,0,0,0,0,0,0,43
948668,0,0,0,0,0,0,43
948934,0,0,0,0,0,0,44
949200,0,0,0,0,0,0,43
949466,0,0,0,0,0,0,44
949732,0,0,0,0,0,0,43
949998,0,0,0,0,0,0,44
950264,0,0,0,0,0,0,43
950531,0,0,0,0,0,0,43
950798,0,0,0,0,0,0,44
951064,0,0,0,0,0,0,43
951330,0,0,0,0,0,0,43
951597,0,0,0,0,0,0,42
951863,0,0,0,0,0,0,43
952129,0,0,0,0,0,0,43
952395,0,0,0,0,0,0,49
952662,0,0,0,0,0,0,43
952929,0,0,0,0,0,0,44
953195,0,0,0,0,0,0,43
953461,0,0,0,0,0,0,43
953727,0,0,0,0,0,0,43
953994,0,0,0,0,0,0,43
954260,0,0,0,0,0,0,44
954526,0,0,0,0,0,0,43
954792,0,0,0,0,0,0,44
955058,0,0,0,0,0,0,44
955324,0,0,0,0,0,0,44
955590,0,0,0,0,0,0,43
955856,0,0,0,0,0,0,44
956122,0,0,0,0,0,0,44
956388,0,0,0,0,0,0,44
956654,0,0,0,0,0,0,43
956920,0,0,0,0,0,0,44
957186,0,0,0,0,0,0,43
957452,0,0,0,0,0,0,43
957718,0,0,0,0,0,0,43
957984,0,0,0,0,0,0,51
958251,0,0,0,0,0,0,43
958517,0,0,0,0,0,0,43
958783,0,0,0,0,0,0,47
959049,0,0,0,0,0,0,43
959315,0,0,0,0,0,0,44
959581,0,0,0,0,0,0,44
959847,0,0,0,0,0,0,43
960113,0,0,0,0,0,0,44
960379,0,0,0,0,0,0,43
960645,0,0,0,0,0,0,43
960911,0,0,0,0,0,0,52
961178,0,0,0,0,0,0,43
961444,0,0,0,0,0,0,43
961710,0,0,0,0,0,0,43
961976,0,0,0,0,0,0,44
962243,0,0,0,0,0,0,43
962509,0,0,0,0,0,0,44
962775,0,0,0,0,0,0,43
963041,0,0,0,0,0,0,44
963307,0,0,0,0,0,0,44
963573,0,0,0,0,0,0,43
963839,0,0,0,0,0,0,43
964105,0,0,0,0,0,0,43
964371,0,0,0,0,0,0,45
964637,0,0,0,0,0,0,43
964903,0,0,0,0,0,0,44
965170,0,0,0,0,0,0,45
965434,0,0,0,0,0,0,12
965701,0,0,0,0,0,0,44
965967,0,0,0,0,0,0,43
966234,0,0,0,0,0,0,43
966500,0,0,0,0,0,0,42
966766,0,0,0,0,0,0,44
967032,0,0,0,0,0,0,43
967298,0,0,0,0,0,0,43
967564,0,0,0,0,0,0,43
967830,0,0,0,0,0,0,43
968096,0,0,0,0,0,0,44
968362,0,0,0,0,0,0,43
968628,0,0,0,0,0,0,44
968894,0,0,0,0,0,0,43
969160,0,0,0,0,0,0,43
969426,0,0,0,0,0,0,50
969693,0,0,0,0,0,0,43
969959,0,0,0,0,0,0,43
970225,0,0,0,0,0,0,43
970491,0,0,0,0,0,0,43
970757,0,0,0,0,0,0,44
971023,0,0,0,0,0,0,43
971289,0,0,0,0,0,0,48
971556,0,0,0,0,0,0,42
971822,0,0,0,0,0,0,43
972088,0,0,0,0,0,0,44
972354,0,0,0,0,0,0,44
972620,0,0,0,0,0,0,43
972886,0,0,0,0,0,0,44
973152,0,0,0,0,0,0,43
973418,0,0,0,0,0,0,43
973684,0,0,0,0,0,0,43
973950,0,0,0,0,0,0,43
974216,0,0,0,0,0,0,45
974482,0,0,0,0,0,0,44
974748,0,0,0,0,0,0,45
975014,0,0,0,0,0,0,43
975280,0,0,0,0,0,0,43
975546,0,0,0,0,0,0,43
975812,0,0,0,0,0,0,43
976078,0,0,0,0,0,0,43
976344,0,0,0,0,0,0,43
976610,0,0,0,0,0,0,44
976876,0,0,0,0,0,0,43
977142,0,0,0,0,0,0,44
977408,0,0,0,0,0,0,44
977674,0,0,0,0,0,0,43
977940,0,0,0,0,0,0,43
978206,0,0,0,0,0,0,48
978473,0,0,0,0,0,0,43
978740,0,0,0,0,0,0,43
979006,0,0,0,0,0,0,44
979272,0,0,0,0,0,0,43
979538,0,0,0,0,0,0,43
979805,0,0,0,0,0,0,44
980071,0,0,0,0,0,0,43
980338,0,0,0,0,0,0,44
980604,0,0,0,0,0,0,43
980870,0,0,0,0,0,0,43
981136,0,0,0,0,0,0,43
981402,0,0,0,0,0,0,44
981668,0,0,0,0,0,0,52
981935,0,0,0,0,0,0,43
982201,0,0,0,0,0,0,44
982467,0,0,0,0,0,0,43
982733,0,0,0,0,0,0,44
982999,0,0,0,0,0,0,44
983265,0,0,0,0,0,0,43
983531,0,0,0,0,0,0,43
983797,0,0,0,0,0,0,43
984063,0,0,0,0,0,0,44
984329,0,0,0,0,0,0,43
984595,0,0,0,0,0,0,44
984861,0,0,0,0,0,0,43
985127,0,0,0,0,0,0,44
985393,0,0,0,0,0,0,51
985660,0,0,0,0,0,0,43
985926,0,0,0,0,0,0,43
986192,0,0,0,0,0,0,43
986458,0,0,0,0,0,0,43
986724,0,0,0,0,0,0,43
986990,0,0,0,0,0,0,44
987256,0,0,0,0,0,0,43
987522,0,0,0,0,0,0,44
987788,0,0,0,0,0,0,43
988054,0,0,0,0,0,0,43
988320,0,0,0,0,0,0,44
988586,0,0,0,0,0,0,43
988852,0,0,0,0,0,0,44
989118,0,0,0,0,0,0,43
989384,0,0,0,0,0,0,43
989650,0,0,0,0,0,0,46
989916,0,0,0,0,0,0,50
990183,0,0,0,0,0,0,44
990449,0,0,0,0,0,0,43
990715,0,0,0,0,0,0,44
990981,0,0,0,0,0,0,44
991248,0,0,0,0,0,0,43
991514,0,0,0,0,0,0,43
991780,0,0,0,0,0,0,44
992046,0,0,0,0,0,0,43
992314,0,0,0,0,0,33,43
992580,0,0,0,0,0,0,44
992846,0,0,0,0,0,0,43
993112,0,0,0,0,0,0,43
993378,0,0,0,0,0,0,43
993644,0,0,0,0,0,0,45
993910,0,0,0,0,0,0,43
994176,0,0,0,0,0,0,44
994442,0,0,0,0,0,0,43
994708,0,0,0,0,0,0,44
994974,0,0,0,0,0,0,43
995240,0,0,0,0,0,0,43
995506,0,0,0,0,0,0,44
995772,0,0,0,0,0,0,43
996038,0,0,0,0,0,0,44
996304,0,0,0,0,0,0,43
996570,0,0,0,0,0,0,43
996836,0,0,0,0,0,0,43
997102,0,0,0,0,0,0,44
997368,0,0,0,0,0,0,44
997635,0,0,0,0,0,0,50
997902,0,0,0,0,0,0,43
998168,0,0,0,0,0,0,43
998434,0,0,0,0,0,0,44
998700,0,0,0,0,0,0,43
998966,0,0,0,0,0,0,43
999232,0,0,0,0,0,0,43
999498,0,0,0,0,0,0,44
999765,0,0,0,0,0,0,43
1000032,0,0,0,0,0,0,44
1000298,0,0,0,0,0,0,43
1000564,0,0,0,0,0,0,44
1000830,0,0,0,0,0,0,43
1001096,0,0,0,0,0,0,43
1001362,0,0,0,0,0,0,44
1001628,0,0,0,0,0,0,43
1001894,0,0,0,0,0,0,44
1002160,0,0,0,0,0,0,43
1002426,0,0,0,0,0,0,44
1002692,0,0,0,0,0,0,43
1002958,0,0,0,0,0,0,44
1003224,0,0,0,0,0,0,43
1003490,0,0,0,0,0,0,44
1003756,0,0,0,0,0,0,46
1004022,0,0,0,0,0,0,45
1004289,0,0,0,0,0,0,43
1004555,0,0,0,0,0,0,42
1004822,0,0,0,0,0,0,44
1005088,0,0,0,0,0,0,43
1005354,0,0,0,0,0,0,43
1005620,0,0,0,0,0,0,43
1005886,0,0,0,0,0,0,44
1006152,0,0,0,0,0,0,43
1006418,0,0,0,0,0,0,44
1006684,0,0,0,0,0,0,43
1006951,0,0,0,0,0,0,44
1007218,0,0,0,0,0,0,43
1007484,0,0,0,0,0,0,43
1007750,0,0,0,0,0,0,44
1008016,0,0,0,0,0,0,44
1008282,0,0,0,0,0,0,43
1008548,0,0,0,0,0,0,44
1008814,0,0,0,0,0,0,43
1009080,0,0,0,0,0,0,44
1009346,0,0,0,0,0,0,43
1009612,0,0,0,0,0,0,42
1009878,0,0,0,0,0,0,52
1010145,0,0,0,0,0,0,43
1010411,0,0,0,0,0,0,44
1010677,0,0,0,0,0,0,44
1010943,0,0,0,0,0,0,50
1011210,0,0,0,0,0,0,45
1011476,0,0,0,0,0,0,44
1011742,0,0,0,0,0,0,44
1012008,0,0,0,0,0,0,43
1012274,0,0,0,0,0,0,43
1012540,0,0,0,0,0,0,43
1012806,0,0,0,0,0,0,44
1013072,0,0,0,0,0,0,43
1013338,0,0,0,0,0,0,44
1013604,0,0,0,0,0,0,43
1013870,0,0,0,0,0,0,43
1014136,0,0,0,0,0,0,44
1014402,0,0,0,0,0,0,44
1014668,0,0,0,0,0,0,43
1014934,0,0,0,0,0,0,43
1015200,0,0,0,0,0,0,44
1015466,0,0,0,0,0,0,43
1015734,0,0,0,0,0,33,43
1016000,0,0,0,0,0,0,43
1016266,0,0,0,0,0,0,43
1016532,0,0,0,0,0,0,44
1016798,0,0,0,0,0,0,44
1017064,0,0,0,0,0,0,44
1017330,0,0,0,0,0,0,44
1017596,0,0,0,0,0,0,44
1017862,0,0,0,0,0,0,44
1018128,0,0,0,0,0,0,43
1018394,0,0,0,0,0,0,44
1018660,0,0,0,0,0,0,49
1018927,0,0,0,0,0,0,44
1019193,0,0,0,0,0,0,43
1019459,0,0,0,0,0,0,44
1019725,0,0,0,0,0,0,43
1019991,0,0,0,0,0,0,44
1020257,0,0,0,0,0,0,43
1020523,0,0,0,0,0,0,44
1020789,0,0,0,0,0,0,44
1021055,0,0,0,0,0,0,43
1021321,0,0,0,0,0,0,43
1021587,0,0,0,0,0,0,43
1021853,0,0,0,0,0,0,45
1022119,0,0,0,0,0,0,44
1022386,0,0,0,0,0,0,43
1022652,0,0,0,0,0,0,43
1022918,0,0,0,0,0,0,44
1023184,0,0,0,0,0,0,44
1023450,0,0,0,0,0,0,44
1023716,0,0,0,0,0,0,44
1023982,0,0,0,0,0,0,43
1024248,0,0,0,0,0,0,44
1024514,0,0,0,0,0,0,43
1024780,0,0,0,0,0,0,44
1025046,0,0,0,0,0,0,44
1025312,0,0,0,0,0,0,44
1025578,0,0,0,0,0,0,43
1025844,0,0,0,0,0,0,44
1026110,0,0,0,0,0,0,44
1026376,0,0,0,0,0,0,43
1026642,0,0,0,0,0,0,44
1026906,0,0,0,0,0,0,12
1027172,0,0,0,0,0,0,43
1027438,0,0,0,0,0,0,50
1027705,0,0,0,0,0,0,44
1027971,0,0,0,0,0,0,44
1028237,0,0,0,0,0,0,43
1028503,0,0,0,0,0,0,44
1028770,0,0,0,0,0,0,43
1029036,0,0,0,0,0,0,43
1029302,0,0,0,0,0,0,44
1029568,0,0,0,0,0,0,43
1029834,0,0,0,0,0,0,42
1030100,0,0,0,0,0,0,43
1030367,0,0,0,0,0,0,43
1030634,0,0,0,0,0,0,43
1030900,0,0,0,0,0,0,43
1031166,0,0,0,0,0,0,44
1031432,0,0,0,0,0,0,43
1031698,0,0,0,0,0,0,44
1031964,0,0,0,0,0,0,44
1032230,0,0,0,0,0,0,44
1032496,0,0,0,0,0,0,44
1032762,0,0,0,0,0,0,43
1033028,0,0,0,0,0,0,44
1033294,0,0,0,0,0,0,42
1033560,0,0,0,0,0,0,48
1033827,0,0,0,0,0,0,42
1034093,0,0,0,0,0,0,44
1034359,0,0,0,0,0,0,44
1034625,0,0,0,0,0,0,43
1034891,0,0,0,0,0,0,50
1035158,0,0,0,0,0,0,44
1035424,0,0,0,0,0,0,43
1035690,0,0,0,0,0,0,43
1035956,0,0,0,0,0,0,44
1036222,0,0,0,0,0,0,44
1036488,0,0,0,0,0,0,44
1036754,0,0,0,0,0,0,45
1037020,0,0,0,0,0,0,43
1037286,0,0,0,0,0,0,44
1037552,0,0,0,0,0,0,43
1037818,0,0,0,0,0,0,43
1038084,0,0,0,0,0,0,43
1038350,0,0,0,0,0,0,44
1038616,0,0,0,0,0,0,43
1038882,0,0,0,0,0,0,44
1039148,0,0,0,0,0,0,43
1039414,0,0,0,0,0,0,43
1039680,0,0,0,0,0,0,50
1039947,0,0,0,0,0,0,45
1040213,0,0,0,0,0,0,44
1040479,0,0,0,0,0,0,44
1040745,0,0,0,0,0,0,44
1041011,0,0,0,0,0,0,43
1041277,0,0,0,0,0,0,44
1041543,0,0,0,0,0,0,44
1041810,0,0,0,0,0,0,44
1042076,0,0,0,0,0,0,44
1042343,0,0,0,0,0,0,43
1042609,0,0,0,0,0,0,45
1042875,0,0,0,0,0,0,43
1043141,0,0,0,0,0,0,44
1043407,0,0,0,0,0,0,44
1043674,0,0,0,0,0,0,44
1043941,0,0,0,0,0,0,45
1044207,0,0,0,0,0,0,44
1044473,0,0,0,0,0,0,44
1044739,0,0,0,0,0,0,43
1045005,0,0,0,0,0,0,43
1045271,0,0,0,0,0,0,50
1045538,0,0,0,0,0,0,44
1045804,0,0,0,0,0,0,43
1046070,0,0,0,0,0,0,43
1046336,0,0,0,0,0,0,42
1046602,0,0,0,0,0,0,44
1046868,0,0,0,0,0,0,43
1047134,0,0,0,0,0,0,43
1047400,0,0,0,0,0,0,44
1047664,0,0,0,0,0,0,12
1047931,0,0,0,0,0,0,43
1048197,0,0,0,0,0,0,44
1048464,0,0,0,0,0,0,43
1048730,0,0,0,0,0,0,44
1048994,0,0,0,0,0,0,11
1049261,0,0,0,0,0,0,43
1049527,0,0,0,0,0,0,43
1049793,0,0,0,0,0,0,43
1050059,0,0,0,0,0,0,44
1050325,0,0,0,0,0,0,44
1050591,0,0,0,0,0,0,44
1050857,0,0,0,0,0,0,44
1051123,0,0,0,0,0,0,44
1051389,0,0,0,0,0,0,44
1051655,0,0,0,0,0,0,43
1051921,0,0,0,0,0,0,44
1052187,0,0,0,0,0,0,44
1052453,0,0,0,0,0,0,44
1052719,0,0,0,0,0,0,43
1052985,0,0,0,0,0,0,44
1053251,0,0,0,0,0,0,43
1053517,0,0,0,0,0,0,43
1053783,0,0,0,0,0,0,48
1054050,0,0,0,0,0,0,44
1054316,0,0,0,0,0,0,44
1054582,0,0,0,0,0,0,44
1054848,0,0,0,0,0,0,43
1055114,0,0,0,0,0,0,49
1055381,0,0,0,0,0,0,43
1055647,0,0,0,0,0,0,44
1055914,0,0,0,0,0,0,44
1056180,0,0,0,0,0,0,51
1056447,0,0,0,0,0,0,43
1056713,0,0,0,0,0,0,44
1056979,0,0,0,0,0,0,43
1057245,0,0,0,0,0,0,43
1057511,0,0,0,0,0,0,44
1057777,0,0,0,0,0,0,43
1058043,0,0,0,0,0,0,43
1058309,0,0,0,0,0,0,43
1058575,0,0,0,0,0,0,44
1058841,0,0,0,0,0,0,45
1059108,0,0,0,0,0,0,42
1059374,0,0,0,0,0,0,45
1059641,0,0,0,0,0,0,44
1059907,0,0,0,0,0,0,44
1060174,0,0,0,0,0,0,44
1060440,0,0,0,0,0,0,44
1060706,0,0,1,0,0,0,43
1060972,0,1,1,0,0,0,44
1061238,0,1,1,0,0,0,43
1061504,0,0,1,0,0,0,44
1061770,1,0,1,0,0,0,43
1062036,1,0,0,0,0,0,43
1062302,1,0,0,1,0,0,43
1062568,1,0,0,1,0,0,43
1062834,1,0,0,1,0,0,44
1063100,1,0,0,1,0,0,43
1063366,0,0,0,1,0,0,43
1063632,0,0,0,0,0,0,44
1063898,0,0,0,0,0,0,44
1064164,0,1,0,0,0,0,43
1064430,0,1,0,0,0,0,43
1064696,0,0,0,0,0,0,44
1064962,0,0,0,0,0,0,44
1065228,0,0,1,0,0,0,44
1065494,0,0,1,0,0,0,44
1065760,0,0,1,0,0,0,47
1066027,0,0,1,0,0,0,44
1066293,1,0,1,1,0,0,49
1066560,1,0,0,1,0,0,43
1066826,0,0,0,0,0,0,44